File type = "ooTextFile"
Object class = "Discriminant 1"

eigen? <exists> 
numberOfEigenvalues = 3 
dimension = 3 
eigenvalues []: 
    eigenvalues [1] = 21.139001553325855 
    eigenvalues [2] = 4.355295817120746 
    eigenvalues [3] = 0.6828853876561901 
eigenvectors [] []: 
    eigenvectors [1]:
        eigenvectors [1] [1] = -0.4968246733001896 
        eigenvectors [1] [2] = 0.7929232798703868 
        eigenvectors [1] [3] = -0.3527575884934981 
    eigenvectors [2]:
        eigenvectors [2] [1] = 0.8675540972437402 
        eigenvectors [2] [2] = 0.4644053556002957 
        eigenvectors [2] [3] = -0.17798189246482976 
    eigenvectors [3]:
        eigenvectors [3] [1] = -0.022696527394274472 
        eigenvectors [3] [2] = 0.39446208680854417 
        eigenvectors [3] [3] = 0.9186318793264742 
numberOfGroups = 12 
groups? <exists> 
size = 12 
item []: 
    item [1]:
        class = "SSCP" 
        name = "\as" 
        numberOfColumns = 3 
columnLabels []: 
"F1"	"F2"	"F3"	
        numberOfRows = 3 
row [1]: "F1"	0.13713220728805037	0.06507801179217895	-0.011074735561417198
row [2]: "F2"	0.06507801179217895	0.0764041682146386	-0.0019956280460737296
row [3]: "F3"	-0.011074735561417198	-0.0019956280460737296	0.04095240135530772
        numberOfObservations = 50 
        centroid []: 
            centroid [1] = 2.8290418215125155 
            centroid [2] = 3.0200046382498935 
            centroid [3] = 3.417161993975625 
    item [2]:
        class = "SSCP" 
        name = "\ct" 
        numberOfColumns = 3 
columnLabels []: 
"F1"	"F2"	"F3"	
        numberOfRows = 3 
row [1]: "F1"	0.09067302012389807	0.0371688253070585	0.010895111765093139
row [2]: "F2"	0.0371688253070585	0.06623815158562138	-0.008040088713702414
row [3]: "F3"	0.010895111765093139	-0.008040088713702414	0.04751413789657192
        numberOfObservations = 50 
        centroid []: 
            centroid [1] = 2.716475379204088 
            centroid [2] = 2.9358032337839095 
            centroid [3] = 3.428957254834133 
    item [3]:
        class = "SSCP" 
        name = "\ep" 
        numberOfColumns = 3 
columnLabels []: 
"F1"	"F2"	"F3"	
        numberOfRows = 3 
row [1]: "F1"	0.12325126739884937	0.007977535637010664	0.014713593912108788
row [2]: "F2"	0.007977535637010664	0.08256097042007322	0.05045318851511984
row [3]: "F3"	0.014713593912108788	0.05045318851511984	0.07438879619774627
        numberOfObservations = 50 
        centroid []: 
            centroid [1] = 2.763135965884447 
            centroid [2] = 3.2349692064700704 
            centroid [3] = 3.3911627112129725 
    item [4]:
        class = "SSCP" 
        name = "\ic" 
        numberOfColumns = 3 
columnLabels []: 
"F1"	"F2"	"F3"	
        numberOfRows = 3 
row [1]: "F1"	0.17647612299370125	-0.020633026281749452	-0.005697855587989537
row [2]: "F2"	-0.020633026281749452	0.07460647712948608	0.049614643436171904
row [3]: "F3"	-0.005697855587989537	0.049614643436171904	0.051090633611486205
        numberOfObservations = 50 
        centroid []: 
            centroid [1] = 2.5850185188145063 
            centroid [2] = 3.3000373347537915 
            centroid [3] = 3.4089942174330887 
    item [5]:
        class = "SSCP" 
        name = "\o/" 
        numberOfColumns = 3 
columnLabels []: 
"F1"	"F2"	"F3"	
        numberOfRows = 3 
row [1]: "F1"	0.099088229121633	0.015541819671631945	0.013775375020258235
row [2]: "F2"	0.015541819671631945	0.0566849264600009	0.025520496405190732
row [3]: "F3"	0.013775375020258235	0.025520496405190732	0.035279313672993313
        numberOfObservations = 50 
        centroid []: 
            centroid [1] = 2.643922974695668 
            centroid [2] = 3.1740393211604387 
            centroid [3] = 3.3533684319629176 
    item [6]:
        class = "SSCP" 
        name = "\yc" 
        numberOfColumns = 3 
columnLabels []: 
"F1"	"F2"	"F3"	
        numberOfRows = 3 
row [1]: "F1"	0.11604848853561123	0.004638097797573022	0.014234726305389083
row [2]: "F2"	0.004638097797573022	0.08910829880242507	0.05772847540761414
row [3]: "F3"	0.014234726305389083	0.05772847540761414	0.05953523254185863
        numberOfObservations = 50 
        centroid []: 
            centroid [1] = 2.6388146822879546 
            centroid [2] = 3.1732312476628675 
            centroid [3] = 3.3702977370451315 
    item [7]:
        class = "SSCP" 
        name = "a" 
        numberOfColumns = 3 
columnLabels []: 
"F1"	"F2"	"F3"	
        numberOfRows = 3 
row [1]: "F1"	0.13373820303933762	0.04391889591302131	0.00948392677750633
row [2]: "F2"	0.04391889591302131	0.07185378889695226	0.0179463004298846
row [3]: "F3"	0.00948392677750633	0.0179463004298846	0.056974025547855904
        numberOfObservations = 50 
        centroid []: 
            centroid [1] = 2.897183461187283 
            centroid [2] = 3.112694772108942 
            centroid [3] = 3.4077765488566425 
    item [8]:
        class = "SSCP" 
        name = "e" 
        numberOfColumns = 3 
columnLabels []: 
"F1"	"F2"	"F3"	
        numberOfRows = 3 
row [1]: "F1"	0.1619748256760298	0.0022983746665226016	0.01260404677657906
row [2]: "F2"	0.0022983746665226016	0.06156273094041127	0.041160043544550017
row [3]: "F3"	0.01260404677657906	0.041160043544550017	0.0432236851105153
        numberOfObservations = 50 
        centroid []: 
            centroid [1] = 2.6061651522814047 
            centroid [2] = 3.303342705407899 
            centroid [3] = 3.4061648464530725 
    item [9]:
        class = "SSCP" 
        name = "i" 
        numberOfColumns = 3 
columnLabels []: 
"F1"	"F2"	"F3"	
        numberOfRows = 3 
row [1]: "F1"	0.15428266876841687	0.013276386826015089	0.012320309785365524
row [2]: "F2"	0.013276386826015089	0.05551008364271849	0.03784952638535773
row [3]: "F3"	0.012320309785365524	0.03784952638535773	0.05006027585038743
        numberOfObservations = 50 
        centroid []: 
            centroid [1] = 2.464795953065796 
            centroid [2] = 3.3427245505456606 
            centroid [3] = 3.440757962651372 
    item [10]:
        class = "SSCP" 
        name = "o" 
        numberOfColumns = 3 
columnLabels []: 
"F1"	"F2"	"F3"	
        numberOfRows = 3 
row [1]: "F1"	0.06861045715394554	0.035093223137004324	-0.002360682210274953
row [2]: "F2"	0.035093223137004324	0.09021650740495565	0.006512208041729222
row [3]: "F3"	-0.002360682210274953	0.006512208041729222	0.0770047161094211
        numberOfObservations = 50 
        centroid []: 
            centroid [1] = 2.685583564250099 
            centroid [2] = 2.9572369144661246 
            centroid [3] = 3.3928254721615616 
    item [11]:
        class = "SSCP" 
        name = "u" 
        numberOfColumns = 3 
columnLabels []: 
"F1"	"F2"	"F3"	
        numberOfRows = 3 
row [1]: "F1"	0.16999997796140906	0.02188567518354325	0.016114242243573804
row [2]: "F2"	0.02188567518354325	0.1039591160562141	-0.002001533808889627
row [3]: "F3"	0.016114242243573804	-0.002001533808889627	0.07540959694619889
        numberOfObservations = 50 
        centroid []: 
            centroid [1] = 2.5268057305429337 
            centroid [2] = 2.9058781887555085 
            centroid [3] = 3.364336443608739 
    item [12]:
        class = "SSCP" 
        name = "y" 
        numberOfColumns = 3 
columnLabels []: 
"F1"	"F2"	"F3"	
        numberOfRows = 3 
row [1]: "F1"	0.1890935632713941	0.014010234547664088	0.02027308900856656
row [2]: "F2"	0.014010234547664088	0.07349408617071782	0.05486460756328065
row [3]: "F3"	0.02027308900856656	0.05486460756328065	0.08826214244880352
        numberOfObservations = 50 
        centroid []: 
            centroid [1] = 2.4797538722099297 
            centroid [2] = 3.2363608717661925 
            centroid [3] = 3.341855942791658 
total? <exists> 
numberOfColumns = 3 
columnLabels []: 
"F1"	"F2"	"F3"	
numberOfRows = 3 
row [1]: "F1"	11.435147363533115	-3.8028772011835708	0.7254293171774207
row [2]: "F2"	-3.8028772011835708	13.851776134183867	0.49324322718990726
row [3]: "F3"	0.7254293171774207	0.49324322718990726	1.216040391785974
numberOfObservations = 600 
centroid []: 
    centroid [1] = 2.6530580896613856 
    centroid [2] = 3.1413602487609413 
    centroid [3] = 3.3936382969155763 
aprioriProbabilities []: 
    aprioriProbabilities [1] = 0.08333333333333333 
    aprioriProbabilities [2] = 0.08333333333333333 
    aprioriProbabilities [3] = 0.08333333333333333 
    aprioriProbabilities [4] = 0.08333333333333333 
    aprioriProbabilities [5] = 0.08333333333333333 
    aprioriProbabilities [6] = 0.08333333333333333 
    aprioriProbabilities [7] = 0.08333333333333333 
    aprioriProbabilities [8] = 0.08333333333333333 
    aprioriProbabilities [9] = 0.08333333333333333 
    aprioriProbabilities [10] = 0.08333333333333333 
    aprioriProbabilities [11] = 0.08333333333333333 
    aprioriProbabilities [12] = 0.08333333333333333 
costs [] []: 
    costs [1]:
        costs [1] [1] = 0 
        costs [1] [2] = 1 
        costs [1] [3] = 1 
        costs [1] [4] = 1 
        costs [1] [5] = 1 
        costs [1] [6] = 1 
        costs [1] [7] = 1 
        costs [1] [8] = 1 
        costs [1] [9] = 1 
        costs [1] [10] = 1 
        costs [1] [11] = 1 
        costs [1] [12] = 1 
    costs [2]:
        costs [2] [1] = 1 
        costs [2] [2] = 0 
        costs [2] [3] = 1 
        costs [2] [4] = 1 
        costs [2] [5] = 1 
        costs [2] [6] = 1 
        costs [2] [7] = 1 
        costs [2] [8] = 1 
        costs [2] [9] = 1 
        costs [2] [10] = 1 
        costs [2] [11] = 1 
        costs [2] [12] = 1 
    costs [3]:
        costs [3] [1] = 1 
        costs [3] [2] = 1 
        costs [3] [3] = 0 
        costs [3] [4] = 1 
        costs [3] [5] = 1 
        costs [3] [6] = 1 
        costs [3] [7] = 1 
        costs [3] [8] = 1 
        costs [3] [9] = 1 
        costs [3] [10] = 1 
        costs [3] [11] = 1 
        costs [3] [12] = 1 
    costs [4]:
        costs [4] [1] = 1 
        costs [4] [2] = 1 
        costs [4] [3] = 1 
        costs [4] [4] = 0 
        costs [4] [5] = 1 
        costs [4] [6] = 1 
        costs [4] [7] = 1 
        costs [4] [8] = 1 
        costs [4] [9] = 1 
        costs [4] [10] = 1 
        costs [4] [11] = 1 
        costs [4] [12] = 1 
    costs [5]:
        costs [5] [1] = 1 
        costs [5] [2] = 1 
        costs [5] [3] = 1 
        costs [5] [4] = 1 
        costs [5] [5] = 0 
        costs [5] [6] = 1 
        costs [5] [7] = 1 
        costs [5] [8] = 1 
        costs [5] [9] = 1 
        costs [5] [10] = 1 
        costs [5] [11] = 1 
        costs [5] [12] = 1 
    costs [6]:
        costs [6] [1] = 1 
        costs [6] [2] = 1 
        costs [6] [3] = 1 
        costs [6] [4] = 1 
        costs [6] [5] = 1 
        costs [6] [6] = 0 
        costs [6] [7] = 1 
        costs [6] [8] = 1 
        costs [6] [9] = 1 
        costs [6] [10] = 1 
        costs [6] [11] = 1 
        costs [6] [12] = 1 
    costs [7]:
        costs [7] [1] = 1 
        costs [7] [2] = 1 
        costs [7] [3] = 1 
        costs [7] [4] = 1 
        costs [7] [5] = 1 
        costs [7] [6] = 1 
        costs [7] [7] = 0 
        costs [7] [8] = 1 
        costs [7] [9] = 1 
        costs [7] [10] = 1 
        costs [7] [11] = 1 
        costs [7] [12] = 1 
    costs [8]:
        costs [8] [1] = 1 
        costs [8] [2] = 1 
        costs [8] [3] = 1 
        costs [8] [4] = 1 
        costs [8] [5] = 1 
        costs [8] [6] = 1 
        costs [8] [7] = 1 
        costs [8] [8] = 0 
        costs [8] [9] = 1 
        costs [8] [10] = 1 
        costs [8] [11] = 1 
        costs [8] [12] = 1 
    costs [9]:
        costs [9] [1] = 1 
        costs [9] [2] = 1 
        costs [9] [3] = 1 
        costs [9] [4] = 1 
        costs [9] [5] = 1 
        costs [9] [6] = 1 
        costs [9] [7] = 1 
        costs [9] [8] = 1 
        costs [9] [9] = 0 
        costs [9] [10] = 1 
        costs [9] [11] = 1 
        costs [9] [12] = 1 
    costs [10]:
        costs [10] [1] = 1 
        costs [10] [2] = 1 
        costs [10] [3] = 1 
        costs [10] [4] = 1 
        costs [10] [5] = 1 
        costs [10] [6] = 1 
        costs [10] [7] = 1 
        costs [10] [8] = 1 
        costs [10] [9] = 1 
        costs [10] [10] = 0 
        costs [10] [11] = 1 
        costs [10] [12] = 1 
    costs [11]:
        costs [11] [1] = 1 
        costs [11] [2] = 1 
        costs [11] [3] = 1 
        costs [11] [4] = 1 
        costs [11] [5] = 1 
        costs [11] [6] = 1 
        costs [11] [7] = 1 
        costs [11] [8] = 1 
        costs [11] [9] = 1 
        costs [11] [10] = 1 
        costs [11] [11] = 0 
        costs [11] [12] = 1 
    costs [12]:
        costs [12] [1] = 1 
        costs [12] [2] = 1 
        costs [12] [3] = 1 
        costs [12] [4] = 1 
        costs [12] [5] = 1 
        costs [12] [6] = 1 
        costs [12] [7] = 1 
        costs [12] [8] = 1 
        costs [12] [9] = 1 
        costs [12] [10] = 1 
        costs [12] [11] = 1 
        costs [12] [12] = 0 
